polardb_pg/polardb_pg_opensource_engine_test:11.9.20210910.59fcf529.20220121152612
polardb_pg/polardb_pg_opensource_engine_release:11.9.20210910.59fcf529.20220121152612
polardb_pg/polardb_pg_opensource_manager:20220121152612.700bf8db
